image_width: 640
image_height: 480
camera_name: narrow_stereo
camera_matrix:
  rows: 3
  cols: 3
  data: [757.164773, 0, 335.313573, 0, 823.419897, 138.458047, 0, 0, 1]
distortion_model: plumb_bob
distortion_coefficients:
  rows: 1
  cols: 5
  data: [-0.321378, -0.018411, -0.012105, -0.003352, 0]
rectification_matrix:
  rows: 3
  cols: 3
  data: [1, 0, 0, 0, 1, 0, 0, 0, 1]
projection_matrix:
  rows: 3
  cols: 4
  data: [705.852844, 0, 335.545971, 0, 0, 771.387573, 130.098906, 0, 0, 0, 1, 0]