# oST version 5.0 parameters


[image]

width
640

height
480

[narrow_stereo]

camera matrix
757.164773 0.000000 335.313573
0.000000 823.419897 138.458047
0.000000 0.000000 1.000000

distortion
-0.321378 -0.018411 -0.012105 -0.003352 0.000000

rectification
1.000000 0.000000 0.000000
0.000000 1.000000 0.000000
0.000000 0.000000 1.000000

projection
705.852844 0.000000 335.545971 0.000000
0.000000 771.387573 130.098906 0.000000
0.000000 0.000000 1.000000 0.000000

