%YAML:1.0
aruco_bc_nmarkers: 32
aruco_bc_mInfoType: 1
aruco_bc_markers:
   - { id:0, corners:[ [ -1.0480000078678131e-01,
       -1.0480000078678131e-01, 0. ], [ -7.8599996864795685e-02,
       -1.0480000078678131e-01, 0. ], [ -7.8599996864795685e-02,
       -7.8599996864795685e-02, 0. ], [ -1.0480000078678131e-01,
       -7.8599996864795685e-02, 0. ] ] }
   - { id:4, corners:[ [ -5.2400000393390656e-02,
       -1.0480000078678131e-01, 0. ], [ -2.6200000196695328e-02,
       -1.0480000078678131e-01, 0. ], [ -2.6200000196695328e-02,
       -7.8599996864795685e-02, 0. ], [ -5.2400000393390656e-02,
       -7.8599996864795685e-02, 0. ] ] }
   - { id:8, corners:[ [ 0., -1.0480000078678131e-01, 0. ], [
       2.6200000196695328e-02, -1.0480000078678131e-01, 0. ], [
       2.6200000196695328e-02, -7.8599996864795685e-02, 0. ], [ 0.,
       -7.8599996864795685e-02, 0. ] ] }
   - { id:838, corners:[ [ 5.2400000393390656e-02,
       -1.0480000078678131e-01, 0. ], [ 7.8599996864795685e-02,
       -1.0480000078678131e-01, 0. ], [ 7.8599996864795685e-02,
       -7.8599996864795685e-02, 0. ], [ 5.2400000393390656e-02,
       -7.8599996864795685e-02, 0. ] ] }
   - { id:12, corners:[ [ -7.8599996864795685e-02,
       -7.8599996864795685e-02, 0. ], [ -5.2400000393390656e-02,
       -7.8599996864795685e-02, 0. ], [ -5.2400000393390656e-02,
       -5.2400000393390656e-02, 0. ], [ -7.8599996864795685e-02,
       -5.2400000393390656e-02, 0. ] ] }
   - { id:16, corners:[ [ -2.6200000196695328e-02,
       -7.8599996864795685e-02, 0. ], [ 0., -7.8599996864795685e-02, 0. ],
       [ 0., -5.2400000393390656e-02, 0. ], [ -2.6200000196695328e-02,
       -5.2400000393390656e-02, 0. ] ] }
   - { id:985, corners:[ [ 2.6200000196695328e-02,
       -7.8599996864795685e-02, 0. ], [ 5.2400000393390656e-02,
       -7.8599996864795685e-02, 0. ], [ 5.2400000393390656e-02,
       -5.2400000393390656e-02, 0. ], [ 2.6200000196695328e-02,
       -5.2400000393390656e-02, 0. ] ] }
   - { id:76, corners:[ [ 7.8599996864795685e-02,
       -7.8599996864795685e-02, 0. ], [ 1.0480000078678131e-01,
       -7.8599996864795685e-02, 0. ], [ 1.0480000078678131e-01,
       -5.2400000393390656e-02, 0. ], [ 7.8599996864795685e-02,
       -5.2400000393390656e-02, 0. ] ] }
   - { id:20, corners:[ [ -1.0480000078678131e-01,
       -5.2400000393390656e-02, 0. ], [ -7.8599996864795685e-02,
       -5.2400000393390656e-02, 0. ], [ -7.8599996864795685e-02,
       -2.6200000196695328e-02, 0. ], [ -1.0480000078678131e-01,
       -2.6200000196695328e-02, 0. ] ] }
   - { id:24, corners:[ [ -5.2400000393390656e-02,
       -5.2400000393390656e-02, 0. ], [ -2.6200000196695328e-02,
       -5.2400000393390656e-02, 0. ], [ -2.6200000196695328e-02,
       -2.6200000196695328e-02, 0. ], [ -5.2400000393390656e-02,
       -2.6200000196695328e-02, 0. ] ] }
   - { id:28, corners:[ [ 0., -5.2400000393390656e-02, 0. ], [
       2.6200000196695328e-02, -5.2400000393390656e-02, 0. ], [
       2.6200000196695328e-02, -2.6200000196695328e-02, 0. ], [ 0.,
       -2.6200000196695328e-02, 0. ] ] }
   - { id:177, corners:[ [ 5.2400000393390656e-02,
       -5.2400000393390656e-02, 0. ], [ 7.8599996864795685e-02,
       -5.2400000393390656e-02, 0. ], [ 7.8599996864795685e-02,
       -2.6200000196695328e-02, 0. ], [ 5.2400000393390656e-02,
       -2.6200000196695328e-02, 0. ] ] }
   - { id:32, corners:[ [ -7.8599996864795685e-02,
       -2.6200000196695328e-02, 0. ], [ -5.2400000393390656e-02,
       -2.6200000196695328e-02, 0. ], [ 0., 0., 0. ], [
       -7.8599996864795685e-02, 0., 0. ] ] }
   - { id:36, corners:[ [ -2.6200000196695328e-02,
       -2.6200000196695328e-02, 0. ], [ 0., -2.6200000196695328e-02, 0. ],
       [ 0., 0., 0. ], [ -2.6200000196695328e-02, 0., 0. ] ] }
   - { id:428, corners:[ [ 2.6200000196695328e-02,
       -2.6200000196695328e-02, 0. ], [ 5.2400000393390656e-02,
       -2.6200000196695328e-02, 0. ], [ 5.2400000393390656e-02, 0., 0. ],
       [ 2.6200000196695328e-02, 0., 0. ] ] }
   - { id:684, corners:[ [ 7.8599996864795685e-02,
       -2.6200000196695328e-02, 0. ], [ 1.0480000078678131e-01,
       -2.6200000196695328e-02, 0. ], [ 1.0480000078678131e-01, 0., 0. ],
       [ 7.8599996864795685e-02, 0., 0. ] ] }
   - { id:40, corners:[ [ -1.0480000078678131e-01, 0., 0. ], [
       -7.8599996864795685e-02, 0., 0. ], [ -7.8599996864795685e-02,
       2.6200000196695328e-02, 0. ], [ -1.0480000078678131e-01,
       2.6200000196695328e-02, 0. ] ] }
   - { id:44, corners:[ [ -5.2400000393390656e-02, 0., 0. ], [
       -2.6200000196695328e-02, 0., 0. ], [ -2.6200000196695328e-02,
       2.6200000196695328e-02, 0. ], [ -5.2400000393390656e-02,
       2.6200000196695328e-02, 0. ] ] }
   - { id:48, corners:[ [ 0., 0., 0. ], [ 2.6200000196695328e-02, 0., 0. ],
       [ 2.6200000196695328e-02, 2.6200000196695328e-02, 0. ], [ 0.,
       2.6200000196695328e-02, 0. ] ] }
   - { id:882, corners:[ [ 5.2400000393390656e-02, 0., 0. ], [
       7.8599996864795685e-02, 0., 0. ], [ 7.8599996864795685e-02,
       2.6200000196695328e-02, 0. ], [ 5.2400000393390656e-02,
       2.6200000196695328e-02, 0. ] ] }
   - { id:52, corners:[ [ -7.8599996864795685e-02,
       2.6200000196695328e-02, 0. ], [ -5.2400000393390656e-02,
       2.6200000196695328e-02, 0. ], [ -5.2400000393390656e-02,
       5.2400000393390656e-02, 0. ], [ -7.8599996864795685e-02,
       5.2400000393390656e-02, 0. ] ] }
   - { id:56, corners:[ [ -2.6200000196695328e-02,
       2.6200000196695328e-02, 0. ], [ 0., 2.6200000196695328e-02, 0. ],
       [ 0., 5.2400000393390656e-02, 0. ], [ -2.6200000196695328e-02,
       5.2400000393390656e-02, 0. ] ] }
   - { id:760, corners:[ [ 2.6200000196695328e-02,
       2.6200000196695328e-02, 0. ], [ 5.2400000393390656e-02,
       2.6200000196695328e-02, 0. ], [ 5.2400000393390656e-02,
       5.2400000393390656e-02, 0. ], [ 2.6200000196695328e-02,
       5.2400000393390656e-02, 0. ] ] }
   - { id:908, corners:[ [ 7.8599996864795685e-02,
       2.6200000196695328e-02, 0. ], [ 1.0480000078678131e-01,
       2.6200000196695328e-02, 0. ], [ 1.0480000078678131e-01,
       5.2400000393390656e-02, 0. ], [ 7.8599996864795685e-02,
       5.2400000393390656e-02, 0. ] ] }
   - { id:60, corners:[ [ -1.0480000078678131e-01,
       5.2400000393390656e-02, 0. ], [ -7.8599996864795685e-02,
       5.2400000393390656e-02, 0. ], [ -7.8599996864795685e-02,
       7.8599996864795685e-02, 0. ], [ -1.0480000078678131e-01,
       7.8599996864795685e-02, 0. ] ] }
   - { id:64, corners:[ [ -5.2400000393390656e-02,
       5.2400000393390656e-02, 0. ], [ -2.6200000196695328e-02,
       5.2400000393390656e-02, 0. ], [ -2.6200000196695328e-02,
       7.8599996864795685e-02, 0. ], [ -5.2400000393390656e-02,
       7.8599996864795685e-02, 0. ] ] }
   - { id:68, corners:[ [ 0., 5.2400000393390656e-02, 0. ], [
       2.6200000196695328e-02, 5.2400000393390656e-02, 0. ], [
       2.6200000196695328e-02, 7.8599996864795685e-02, 0. ], [ 0.,
       7.8599996864795685e-02, 0. ] ] }
   - { id:125, corners:[ [ 5.2400000393390656e-02,
       5.2400000393390656e-02, 0. ], [ 7.8599996864795685e-02,
       5.2400000393390656e-02, 0. ], [ 7.8599996864795685e-02,
       7.8599996864795685e-02, 0. ], [ 5.2400000393390656e-02,
       7.8599996864795685e-02, 0. ] ] }
   - { id:477, corners:[ [ -7.8599996864795685e-02,
       7.8599996864795685e-02, 0. ], [ -5.2400000393390656e-02,
       7.8599996864795685e-02, 0. ], [ -5.2400000393390656e-02,
       1.0480000078678131e-01, 0. ], [ -7.8599996864795685e-02,
       1.0480000078678131e-01, 0. ] ] }
   - { id:518, corners:[ [ -2.6200000196695328e-02,
       7.8599996864795685e-02, 0. ], [ 0., 7.8599996864795685e-02, 0. ],
       [ 0., 1.0480000078678131e-01, 0. ], [ -2.6200000196695328e-02,
       1.0480000078678131e-01, 0. ] ] }
   - { id:461, corners:[ [ 2.6200000196695328e-02,
       7.8599996864795685e-02, 0. ], [ 5.2400000393390656e-02,
       7.8599996864795685e-02, 0. ], [ 5.2400000393390656e-02,
