%YAML:1.0
aruco_bc_nmarkers: 32
aruco_bc_mInfoType: 0
aruco_bc_markers:
   - { id:0, corners:[ [ -1200., -1200., 0. ], [ -900., -1200., 0. ], [
       -900., -900., 0. ], [ -1200., -900., 0. ] ] }
   - { id:4, corners:[ [ -600., -1200., 0. ], [ -300., -1200., 0. ], [
       -300., -900., 0. ], [ -600., -900., 0. ] ] }
   - { id:8, corners:[ [ 0., -1200., 0. ], [ 300., -1200., 0. ], [
       300., -900., 0. ], [ 0., -900., 0. ] ] }
   - { id:838, corners:[ [ 600., -1200., 0. ], [ 900., -1200., 0. ], [
       900., -900., 0. ], [ 600., -900., 0. ] ] }


   - { id:12, corners:[ [ -900., -900., 0. ], [ -600., -900., 0. ], [
       -600., -600., 0. ], [ -900., -600., 0. ] ] }
   - { id:16, corners:[ [ -300., -900., 0. ], [ 0., -900., 0. ], [ 0.,
       -600., 0. ], [ -300., -600., 0. ] ] }
   - { id:985, corners:[ [ 300., -900., 0. ], [ 600., -900., 0. ], [ 600.,
       -600., 0. ], [ 300., -600., 0. ] ] }
   - { id:76, corners:[ [ 900., -900., 0. ], [ 1200., -900., 0. ], [ 1200.,
       -600., 0. ], [ 900., -600., 0. ] ] }


   - { id:20, corners:[ [ -1200., -600., 0. ], [ -900., -600., 0. ], [
       -900., -300., 0. ], [ -1200., -300., 0. ] ] }
   - { id:24, corners:[ [ -600., -600., 0. ], [ -300., -600., 0. ], [
       -300., -300., 0. ], [ -600., -300., 0. ] ] }
   - { id:28, corners:[ [ 0., -600., 0. ], [ 300., -600., 0. ], [
       300., -300., 0. ], [ 0., -300., 0. ] ] }
   - { id:177, corners:[ [ 600., -600., 0. ], [ 900., -600., 0. ], [
       900., -300., 0. ], [ 600., -300., 0. ] ] }



   - { id:32, corners:[ [ -900., -300., 0. ], [ -600., -300, 0. ], [
       0., 0., 0. ], [ -900., 0., 0. ] ] }
   - { id:36, corners:[ [ -300., -300., 0. ], [ 0., -300., 0. ], [ 0.,
       0., 0. ], [ -300., 0., 0. ] ] }
   - { id:428, corners:[ [ 300., -300., 0. ], [ 600., -300., 0. ], [ 600.,
       0., 0. ], [ 300., 0., 0. ] ] }
   - { id:684, corners:[ [ 900., -300., 0. ], [ 1200., -300., 0. ], [ 1200.,
       0., 0. ], [ 900., 0., 0. ] ] }



   - { id:40, corners:[ [ -1200., 0., 0. ], [ -900., 0., 0. ], [
       -900., 300., 0. ], [ -1200., 300., 0. ] ] }
   - { id:44, corners:[ [ -600., 0., 0. ], [ -300., 0., 0. ], [
       -300., 300., 0. ], [ -600., 300., 0. ] ] }
   - { id:48, corners:[ [ 0., 0., 0. ], [ 300., 0., 0. ], [
       300., 300., 0. ], [ 0., 300., 0. ] ] }
   - { id:882, corners:[ [ 600., 0., 0. ], [ 900., 0., 0. ], [
       900., 300., 0. ], [ 600., 300., 0. ] ] }


   - { id:52, corners:[ [ -900., 300., 0. ], [ -600., 300., 0. ], [
       -600., 600., 0. ], [ -900., 600., 0. ] ] }
   - { id:56, corners:[ [ -300., 300., 0. ], [ 0., 300., 0. ], [
       0., 600., 0. ], [ -300., 600., 0. ] ] }
   - { id:760, corners:[ [ 300., 300., 0. ], [ 600., 300., 0. ], [
       600., 600., 0. ], [ 300., 600., 0. ] ] }
   - { id:908, corners:[ [ 900., 300., 0. ], [ 1200., 300., 0. ], [
       1200., 600., 0. ], [ 900., 600., 0. ] ] }


   - { id:60, corners:[ [ -1200., 600., 0. ], [ -900., 600., 0. ], [
       -900., 900., 0. ], [ -1200., 900., 0. ] ] }
   - { id:64, corners:[ [ -600., 600., 0. ], [ -300., 600., 0. ], [
       -300., 900., 0. ], [ -600., 900., 0. ] ] }
   - { id:68, corners:[ [ 0., 600., 0. ], [ 300., 600., 0. ], [
       300., 900., 0. ], [ 0., 900., 0. ] ] }
   - { id:125, corners:[ [ 600., 600., 0. ], [ 900., 600., 0. ], [
       900., 900., 0. ], [ 600., 900., 0. ] ] }


   - { id:477, corners:[ [ -900., 900., 0. ], [ -600., 900., 0. ], [
       -600., 1200., 0. ], [ -900., 1200., 0. ] ] }
   - { id:518, corners:[ [ -300., 900., 0. ], [ 0., 900., 0. ], [
       -0., 1200., 0. ], [ -300., 1200., 0. ] ] }
   - { id:461, corners:[ [ 300., 900., 0. ], [ 600., 900., 0. ], [
       600., 1200., 0. ], [ 300., 1200., 0. ] ] }
   - { id:982, corners:[ [ 900., 900., 0. ], [ 1200., 900., 0. ], [
       1200., 1200., 0. ], [ 900., 1200., 0. ] ] }