%YAML:1.0
aruco_bc_nmarkers: 32
aruco_bc_mInfoType: 0
aruco_bc_markers:
   - { id:23078, corners:[ [ -1200., -1200., 0. ], [ -900., -1200., 0. ], [
       -900., -900., 0. ], [ -1200., -900., 0. ] ] }
   - { id:37050, corners:[ [ -600., -1200., 0. ], [ -300., -1200., 0. ], [
       -300., -900., 0. ], [ -600., -900., 0. ] ] }
   - { id:52088, corners:[ [ 0., -1200., 0. ], [ 300., -1200., 0. ], [
       300., -900., 0. ], [ 0., -900., 0. ] ] }
   - { id:25429, corners:[ [ 600., -1200., 0. ], [ 900., -1200., 0. ], [
       900., -900., 0. ], [ 600., -900., 0. ] ] }


   - { id:52459, corners:[ [ -900., -900., 0. ], [ -600., -900., 0. ], [
       -600., -600., 0. ], [ -900., -600., 0. ] ] }
   - { id:57527, corners:[ [ -300., -900., 0. ], [ 0., -900., 0. ], [ 0.,
       -600., 0. ], [ -300., -600., 0. ] ] }
   - { id:44185, corners:[ [ 300., -900., 0. ], [ 600., -900., 0. ], [ 600.,
       -600., 0. ], [ 300., -600., 0. ] ] }
   - { id:17542, corners:[ [ 900., -900., 0. ], [ 1200., -900., 0. ], [ 1200.,
       -600., 0. ], [ 900., -600., 0. ] ] }


   - { id:5204, corners:[ [ -1200., -600., 0. ], [ -900., -600., 0. ], [
       -900., -300., 0. ], [ -1200., -300., 0. ] ] }
   - { id:55618, corners:[ [ -600., -600., 0. ], [ -300., -600., 0. ], [
       -300., -300., 0. ], [ -600., -300., 0. ] ] }
   - { id:65121, corners:[ [ 0., -600., 0. ], [ 300., -600., 0. ], [
       300., -300., 0. ], [ 0., -300., 0. ] ] }
   - { id:34113, corners:[ [ 600., -600., 0. ], [ 900., -600., 0. ], [
       900., -300., 0. ], [ 600., -300., 0. ] ] }



   - { id:27845, corners:[ [ -900., -300., 0. ], [ -600., -300, 0. ], [
       0., 0., 0. ], [ -900., 0., 0. ] ] }
   - { id:47534, corners:[ [ -300., -300., 0. ], [ 0., -300., 0. ], [ 0.,
       0., 0. ], [ -300., 0., 0. ] ] }
   - { id:8635, corners:[ [ 300., -300., 0. ], [ 600., -300., 0. ], [ 600.,
       0., 0. ], [ 300., 0., 0. ] ] }
   - { id:20897, corners:[ [ 900., -300., 0. ], [ 1200., -300., 0. ], [ 1200.,
       0., 0. ], [ 900., 0., 0. ] ] }



   - { id:19197, corners:[ [ -1200., 0., 0. ], [ -900., 0., 0. ], [
       -900., 300., 0. ], [ -1200., 300., 0. ] ] }
   - { id:10062, corners:[ [ -600., 0., 0. ], [ -300., 0., 0. ], [
       -300., 300., 0. ], [ -600., 300., 0. ] ] }
   - { id:32234, corners:[ [ 0., 0., 0. ], [ 300., 0., 0. ], [
       300., 300., 0. ], [ 0., 300., 0. ] ] }
   - { id:46303, corners:[ [ 600., 0., 0. ], [ 900., 0., 0. ], [
       900., 300., 0. ], [ 600., 300., 0. ] ] }


   - { id:59485, corners:[ [ -900., 300., 0. ], [ -600., 300., 0. ], [
       -600., 600., 0. ], [ -900., 600., 0. ] ] }
   - { id:5924, corners:[ [ -300., 300., 0. ], [ 0., 300., 0. ], [
       0., 600., 0. ], [ -300., 600., 0. ] ] }
   - { id:11149, corners:[ [ 300., 300., 0. ], [ 600., 300., 0. ], [
       600., 600., 0. ], [ 300., 600., 0. ] ] }
   - { id:34926, corners:[ [ 900., 300., 0. ], [ 1200., 300., 0. ], [
       1200., 600., 0. ], [ 900., 600., 0. ] ] }


   - { id:8958, corners:[ [ -1200., 600., 0. ], [ -900., 600., 0. ], [
       -900., 900., 0. ], [ -1200., 900., 0. ] ] }
   - { id:32398, corners:[ [ -600., 600., 0. ], [ -300., 600., 0. ], [
       -300., 900., 0. ], [ -600., 900., 0. ] ] }
   - { id:37726, corners:[ [ 0., 600., 0. ], [ 300., 600., 0. ], [
       300., 900., 0. ], [ 0., 900., 0. ] ] }
   - { id:58504, corners:[ [ 600., 600., 0. ], [ 900., 600., 0. ], [
       900., 900., 0. ], [ 600., 900., 0. ] ] }


   - { id:13359, corners:[ [ -900., 900., 0. ], [ -600., 900., 0. ], [
       -600., 1200., 0. ], [ -900., 1200., 0. ] ] }
   - { id:10326, corners:[ [ -300., 900., 0. ], [ 0., 900., 0. ], [
       -0., 1200., 0. ], [ -300., 1200., 0. ] ] }
   - { id:49813, corners:[ [ 300., 900., 0. ], [ 600., 900., 0. ], [
       600., 1200., 0. ], [ 300., 1200., 0. ] ] }
   - { id:23397, corners:[ [ 900., 900., 0. ], [ 1200., 900., 0. ], [
       1200., 1200., 0. ], [ 900., 1200., 0. ] ] }
