%YAML:1.0
aruco_bc_nmarkers: 32
aruco_bc_mInfoType: 1
aruco_bc_markers:
   - { id:23078, corners:[ [ -1.4800000190734863e-01,
       -1.4800000190734863e-01, 0. ], [ -1.1100000143051147e-01,
       -1.4800000190734863e-01, 0. ], [ -1.1100000143051147e-01,
       -1.1100000143051147e-01, 0. ], [ -1.4800000190734863e-01,
       -1.1100000143051147e-01, 0. ] ] }
   - { id:37050, corners:[ [ -7.4000000953674316e-02,
       -1.4800000190734863e-01, 0. ], [ -3.7000000476837158e-02,
       -1.4800000190734863e-01, 0. ], [ -3.7000000476837158e-02,
       -1.1100000143051147e-01, 0. ], [ -7.4000000953674316e-02,
       -1.1100000143051147e-01, 0. ] ] }
   - { id:52088, corners:[ [ 0., -1.4800000190734863e-01, 0. ], [
       3.7000000476837158e-02, -1.4800000190734863e-01, 0. ], [
       3.7000000476837158e-02, -1.1100000143051147e-01, 0. ], [ 0.,
       -1.1100000143051147e-01, 0. ] ] }
   - { id:25429, corners:[ [ 7.4000000953674316e-02,
       -1.4800000190734863e-01, 0. ], [ 1.1100000143051147e-01,
       -1.4800000190734863e-01, 0. ], [ 1.1100000143051147e-01,
       -1.1100000143051147e-01, 0. ], [ 7.4000000953674316e-02,
       -1.1100000143051147e-01, 0. ] ] }


   - { id:52459, corners:[ [ -1.1100000143051147e-01,
       -1.1100000143051147e-01, 0. ], [ -7.4000000953674316e-02,
       -1.1100000143051147e-01, 0. ], [ -7.4000000953674316e-02,
       -7.4000000953674316e-02, 0. ], [ -1.1100000143051147e-01,
       -7.4000000953674316e-02, 0. ] ] }
   - { id:57527, corners:[ [ -3.7000000476837158e-02,
       -1.1100000143051147e-01, 0. ], [ 0., -1.1100000143051147e-01, 0. ],
       [ 0., -7.4000000953674316e-02, 0. ], [ -3.7000000476837158e-02,
       -7.4000000953674316e-02, 0. ] ] }
   - { id:44185, corners:[ [ 3.7000000476837158e-02,
       -1.1100000143051147e-01, 0. ], [ 7.4000000953674316e-02,
       -1.1100000143051147e-01, 0. ], [ 7.4000000953674316e-02,
       -7.4000000953674316e-02, 0. ], [ 3.7000000476837158e-02,
       -7.4000000953674316e-02, 0. ] ] }
   - { id:17542, corners:[ [ 1.1100000143051147e-01,
       -1.1100000143051147e-01, 0. ], [ 1.4800000190734863e-01,
       -1.1100000143051147e-01, 0. ], [ 1.4800000190734863e-01,
       -7.4000000953674316e-02, 0. ], [ 1.1100000143051147e-01,
       -7.4000000953674316e-02, 0. ] ] }


   - { id:5204, corners:[ [ -1.4800000190734863e-01,
       -7.4000000953674316e-02, 0. ], [ -1.1100000143051147e-01,
       -7.4000000953674316e-02, 0. ], [ -1.1100000143051147e-01,
       -3.7000000476837158e-02, 0. ], [ -1.4800000190734863e-01,
       -3.7000000476837158e-02, 0. ] ] }
   - { id:55618, corners:[ [ -7.4000000953674316e-02,
       -7.4000000953674316e-02, 0. ], [ -3.7000000476837158e-02,
       -7.4000000953674316e-02, 0. ], [ -3.7000000476837158e-02,
       -3.7000000476837158e-02, 0. ], [ -7.4000000953674316e-02,
       -3.7000000476837158e-02, 0. ] ] }
   - { id:65121, corners:[ [ 0., -7.4000000953674316e-02, 0. ], [
       3.7000000476837158e-02, -7.4000000953674316e-02, 0. ], [
       3.7000000476837158e-02, -3.7000000476837158e-02, 0. ], [ 0.,
       -3.7000000476837158e-02, 0. ] ] }
   - { id:34113, corners:[ [ 7.4000000953674316e-02,
       -7.4000000953674316e-02, 0. ], [ 1.1100000143051147e-01,
       -7.4000000953674316e-02, 0. ], [ 1.1100000143051147e-01,
       -3.7000000476837158e-02, 0. ], [ 7.4000000953674316e-02,
       -3.7000000476837158e-02, 0. ] ] }
   - { id:27845, corners:[ [ -1.1100000143051147e-01,
       -3.7000000476837158e-02, 0. ], [ -7.4000000953674316e-02,
       -3.7000000476837158e-02, 0. ], [ 0., 0., 0. ], [
       -1.1100000143051147e-01, 0., 0. ] ] }
   - { id:47534, corners:[ [ -3.7000000476837158e-02,
       -3.7000000476837158e-02, 0. ], [ 0., -3.7000000476837158e-02, 0. ],
       [ 0., 0., 0. ], [ -3.7000000476837158e-02, 0., 0. ] ] }
   - { id:8635, corners:[ [ 3.7000000476837158e-02,
       -3.7000000476837158e-02, 0. ], [ 7.4000000953674316e-02,
       -3.7000000476837158e-02, 0. ], [ 7.4000000953674316e-02, 0., 0. ],
       [ 3.7000000476837158e-02, 0., 0. ] ] }
   - { id:20897, corners:[ [ 1.1100000143051147e-01,
       -3.7000000476837158e-02, 0. ], [ 1.4800000190734863e-01,
       -3.7000000476837158e-02, 0. ], [ 1.4800000190734863e-01, 0., 0. ],
       [ 1.1100000143051147e-01, 0., 0. ] ] }
   - { id:19197, corners:[ [ -1.4800000190734863e-01, 0., 0. ], [
       -1.1100000143051147e-01, 0., 0. ], [ -1.1100000143051147e-01,
       3.7000000476837158e-02, 0. ], [ -1.4800000190734863e-01,
       3.7000000476837158e-02, 0. ] ] }
   - { id:10062, corners:[ [ -7.4000000953674316e-02, 0., 0. ], [
       -3.7000000476837158e-02, 0., 0. ], [ -3.7000000476837158e-02,
       3.7000000476837158e-02, 0. ], [ -7.4000000953674316e-02,
       3.7000000476837158e-02, 0. ] ] }
   - { id:32234, corners:[ [ 0., 0., 0. ], [ 3.7000000476837158e-02, 0.,
       0. ], [ 3.7000000476837158e-02, 3.7000000476837158e-02, 0. ], [
       0., 3.7000000476837158e-02, 0. ] ] }
   - { id:46303, corners:[ [ 7.4000000953674316e-02, 0., 0. ], [
       1.1100000143051147e-01, 0., 0. ], [ 1.1100000143051147e-01,
       3.7000000476837158e-02, 0. ], [ 7.4000000953674316e-02,
       3.7000000476837158e-02, 0. ] ] }
   - { id:59485, corners:[ [ -1.1100000143051147e-01,
       3.7000000476837158e-02, 0. ], [ -7.4000000953674316e-02,
       3.7000000476837158e-02, 0. ], [ -7.4000000953674316e-02,
       7.4000000953674316e-02, 0. ], [ -1.1100000143051147e-01,
       7.4000000953674316e-02, 0. ] ] }
   - { id:5924, corners:[ [ -3.7000000476837158e-02,
       3.7000000476837158e-02, 0. ], [ 0., 3.7000000476837158e-02, 0. ],
       [ 0., 7.4000000953674316e-02, 0. ], [ -3.7000000476837158e-02,
       7.4000000953674316e-02, 0. ] ] }
   - { id:11149, corners:[ [ 3.7000000476837158e-02,
       3.7000000476837158e-02, 0. ], [ 7.4000000953674316e-02,
       3.7000000476837158e-02, 0. ], [ 7.4000000953674316e-02,
       7.4000000953674316e-02, 0. ], [ 3.7000000476837158e-02,
       7.4000000953674316e-02, 0. ] ] }
   - { id:34926, corners:[ [ 1.1100000143051147e-01,
       3.7000000476837158e-02, 0. ], [ 1.4800000190734863e-01,
       3.7000000476837158e-02, 0. ], [ 1.4800000190734863e-01,
       7.4000000953674316e-02, 0. ], [ 1.1100000143051147e-01,
       7.4000000953674316e-02, 0. ] ] }
   - { id:8958, corners:[ [ -1.4800000190734863e-01,
       7.4000000953674316e-02, 0. ], [ -1.1100000143051147e-01,
       7.4000000953674316e-02, 0. ], [ -1.1100000143051147e-01,
       1.1100000143051147e-01, 0. ], [ -1.4800000190734863e-01,
       1.1100000143051147e-01, 0. ] ] }
   - { id:32398, corners:[ [ -7.4000000953674316e-02,
       7.4000000953674316e-02, 0. ], [ -3.7000000476837158e-02,
       7.4000000953674316e-02, 0. ], [ -3.7000000476837158e-02,
       1.1100000143051147e-01, 0. ], [ -7.4000000953674316e-02,
       1.1100000143051147e-01, 0. ] ] }
   - { id:37726, corners:[ [ 0., 7.4000000953674316e-02, 0. ], [
       3.7000000476837158e-02, 7.4000000953674316e-02, 0. ], [
       3.7000000476837158e-02, 1.1100000143051147e-01, 0. ], [ 0.,
       1.1100000143051147e-01, 0. ] ] }
   - { id:58504, corners:[ [ 7.4000000953674316e-02,
       7.4000000953674316e-02, 0. ], [ 1.1100000143051147e-01,
       7.4000000953674316e-02, 0. ], [ 1.1100000143051147e-01,
       1.1100000143051147e-01, 0. ], [ 7.4000000953674316e-02,
       1.1100000143051147e-01, 0. ] ] }
   - { id:13359, corners:[ [ -1.1100000143051147e-01,
       1.1100000143051147e-01, 0. ], [ -7.4000000953674316e-02,
       1.1100000143051147e-01, 0. ], [ -7.4000000953674316e-02,
       1.4800000190734863e-01, 0. ], [ -1.1100000143051147e-01,
       1.4800000190734863e-01, 0. ] ] }
   - { id:10326, corners:[ [ -3.7000000476837158e-02,
       1.1100000143051147e-01, 0. ], [ 0., 1.1100000143051147e-01, 0. ],
       [ 0., 1.4800000190734863e-01, 0. ], [ -3.7000000476837158e-02,
       1.4800000190734863e-01, 0. ] ] }
   - { id:49813, corners:[ [ 3.7000000476837158e-02,
       1.1100000143051147e-01, 0. ], [ 7.4000000953674316e-02,
