%YAML:1.0
nmarkers: 32
markersize: 4
marker_0: "0110010001011010"
marker_1: "0101110100001001"
marker_2: "0001111011010011"
marker_3: "1010101011000110"
marker_4: "1101011100110011"
marker_5: "1110110100000111"
marker_6: "1001100100110101"
marker_7: "0110000100100010"
marker_8: "0010101000101000"
marker_9: "0100001010011011"
marker_10: "1000011001111111"
marker_11: "1000001010100001"
marker_12: "1010001100110110"
marker_13: "0111010110011101"
marker_14: "1101110110000100"
marker_15: "1000010110001010"
marker_16: "1011111101010010"
marker_17: "0111001011100100"
marker_18: "0101011110111110"
marker_19: "1111101100101101"
marker_20: "1011101000010111"
marker_21: "0010010011101000"
marker_22: "1011000111010100"
marker_23: "0111011000010001"
marker_24: "0111111101000100"
marker_25: "0111000101111110"
marker_26: "0111101011001001"
marker_27: "0001000100100111"
marker_28: "1111010000101100"
marker_29: "0110101000010100"
marker_30: "1010100101000011"
marker_31: "1010011011011010"
