%YAML:1.0
 aruco_bc_nmarkers: 32 
 aruco_bc_mInfoType: 0 
 aruco_bc_markers: 


   - { id: 13359 , corners:[[-1375.0, -1375.0, 0.0], [-1075.0, -1375.0, 0.0], [-1375.0, -1075.0, 0.0], [-1075.0, -1075.0, 0.0]] }
   - { id: 10326 , corners:[[-675.0, -1375.0, 0.0], [-375.0, -1375.0, 0.0], [-675.0, -1075.0, 0.0], [-375.0, -1075.0, 0.0]] }
   - { id: 49813 , corners:[[25.0, -1375.0, 0.0], [325.0, -1375.0, 0.0], [25.0, -1075.0, 0.0], [325.0, -1075.0, 0.0]] }
   - { id: 23397 , corners:[[725.0, -1375.0, 0.0], [1025.0, -1375.0, 0.0], [725.0, -1075.0, 0.0], [1025.0, -1075.0, 0.0]] }


   - { id: 8958 , corners:[[-1025.0, -1025.0, 0.0], [-725.0, -1025.0, 0.0], [-1025.0, -725.0, 0.0], [-725.0, -725.0, 0.0]] }
   - { id: 32398 , corners:[[-325.0, -1025.0, 0.0], [-25.0, -1025.0, 0.0], [-325.0, -725.0, 0.0], [-25.0, -725.0, 0.0]] }
   - { id: 37726 , corners:[[375.0, -1025.0, 0.0], [675.0, -1025.0, 0.0], [375.0, -725.0, 0.0], [675.0, -725.0, 0.0]] }
   - { id: 58504 , corners:[[1075.0, -1025.0, 0.0], [1375.0, -1025.0, 0.0], [1075.0, -725.0, 0.0], [1375.0, -725.0, 0.0]] }


   - { id: 59485 , corners:[[-1375.0, -675.0, 0.0], [-1075.0, -675.0, 0.0], [-1375.0, -375.0, 0.0], [-1075.0, -375.0, 0.0]] }
   - { id: 5924 , corners:[[-675.0, -675.0, 0.0], [-375.0, -675.0, 0.0], [-675.0, -375.0, 0.0], [-375.0, -375.0, 0.0]] }
   - { id: 11149 , corners:[[25.0, -675.0, 0.0], [325.0, -675.0, 0.0], [25.0, -375.0, 0.0], [325.0, -375.0, 0.0]] }
   - { id: 34926 , corners:[[725.0, -675.0, 0.0], [1025.0, -675.0, 0.0], [725.0, -375.0, 0.0], [1025.0, -375.0, 0.0]] }


   - { id: 19197 , corners:[[-1025.0, -325.0, 0.0], [-725.0, -325.0, 0.0], [-1025.0, -25.0, 0.0], [-725.0, -25.0, 0.0]] }
   - { id: 10062 , corners:[[-325.0, -325.0, 0.0], [-25.0, -325.0, 0.0], [-325.0, -25.0, 0.0], [-25.0, -25.0, 0.0]] }
   - { id: 32234 , corners:[[375.0, -325.0, 0.0], [675.0, -325.0, 0.0], [375.0, -25.0, 0.0], [675.0, -25.0, 0.0]] }
   - { id: 46303 , corners:[[1075.0, -325.0, 0.0], [1375.0, -325.0, 0.0], [1075.0, -25.0, 0.0], [1375.0, -25.0, 0.0]] }


   - { id: 27845 , corners:[[-1375.0, 25.0, 0.0], [-1075.0, 25.0, 0.0], [-1375.0, 325.0, 0.0], [-1075.0, 325.0, 0.0]] }
   - { id: 47534 , corners:[[-675.0, 25.0, 0.0], [-375.0, 25.0, 0.0], [-675.0, 325.0, 0.0], [-375.0, 325.0, 0.0]] }
   - { id: 8635 , corners:[[25.0, 25.0, 0.0], [325.0, 25.0, 0.0], [25.0, 325.0, 0.0], [325.0, 325.0, 0.0]] }
   - { id: 20897 , corners:[[725.0, 25.0, 0.0], [1025.0, 25.0, 0.0], [725.0, 325.0, 0.0], [1025.0, 325.0, 0.0]] }


   - { id: 5204 , corners:[[-1025.0, 375.0, 0.0], [-725.0, 375.0, 0.0], [-1025.0, 675.0, 0.0], [-725.0, 675.0, 0.0]] }
   - { id: 55618 , corners:[[-325.0, 375.0, 0.0], [-25.0, 375.0, 0.0], [-325.0, 675.0, 0.0], [-25.0, 675.0, 0.0]] }
   - { id: 65121 , corners:[[375.0, 375.0, 0.0], [675.0, 375.0, 0.0], [375.0, 675.0, 0.0], [675.0, 675.0, 0.0]] }
   - { id: 34113 , corners:[[1075.0, 375.0, 0.0], [1375.0, 375.0, 0.0], [1075.0, 675.0, 0.0], [1375.0, 675.0, 0.0]] }


   - { id: 52459 , corners:[[-1375.0, 725.0, 0.0], [-1075.0, 725.0, 0.0], [-1375.0, 1025.0, 0.0], [-1075.0, 1025.0, 0.0]] }
   - { id: 57527 , corners:[[-675.0, 725.0, 0.0], [-375.0, 725.0, 0.0], [-675.0, 1025.0, 0.0], [-375.0, 1025.0, 0.0]] }
   - { id: 44185 , corners:[[25.0, 725.0, 0.0], [325.0, 725.0, 0.0], [25.0, 1025.0, 0.0], [325.0, 1025.0, 0.0]] }
   - { id: 17542 , corners:[[725.0, 725.0, 0.0], [1025.0, 725.0, 0.0], [725.0, 1025.0, 0.0], [1025.0, 1025.0, 0.0]] }


   - { id: 23078 , corners:[[-1025.0, 1075.0, 0.0], [-725.0, 1075.0, 0.0], [-1025.0, 1375.0, 0.0], [-725.0, 1375.0, 0.0]] }
   - { id: 37050 , corners:[[-325.0, 1075.0, 0.0], [-25.0, 1075.0, 0.0], [-325.0, 1375.0, 0.0], [-25.0, 1375.0, 0.0]] }
   - { id: 52088 , corners:[[375.0, 1075.0, 0.0], [675.0, 1075.0, 0.0], [375.0, 1375.0, 0.0], [675.0, 1375.0, 0.0]] }
   - { id: 25429 , corners:[[1075.0, 1075.0, 0.0], [1375.0, 1075.0, 0.0], [1075.0, 1375.0, 0.0], [1375.0, 1375.0, 0.0]] }
