%YAML:1.0
aruco_bc_nmarkers: 32
aruco_bc_mInfoType: 1
aruco_bc_markers:
   - { id:13359, corners:[ [ -1.1687500029802322e-01,
       -1.1687500029802322e-01, 0. ], [ -9.1375000774860382e-02,
       -1.1687500029802322e-01, 0. ], [ -1.1687500029802322e-01,
       -9.1375000774860382e-02, 0. ], [ -9.1375000774860382e-02,
       -9.1375000774860382e-02, 0. ] ] }
   - { id:10326, corners:[ [ -5.7374998927116394e-02,
       -1.1687500029802322e-01, 0. ], [ -3.1874999403953552e-02,
       -1.1687500029802322e-01, 0. ], [ -5.7374998927116394e-02,
       -9.1375000774860382e-02, 0. ], [ -3.1874999403953552e-02,
       -9.1375000774860382e-02, 0. ] ] }
   - { id:49813, corners:[ [ 2.1249998826533556e-03,
       -1.1687500029802322e-01, 0. ], [ 2.7625000104308128e-02,
       -1.1687500029802322e-01, 0. ], [ 2.1249998826533556e-03,
       -9.1375000774860382e-02, 0. ], [ 2.7625000104308128e-02,
       -9.1375000774860382e-02, 0. ] ] }
   - { id:23397, corners:[ [ 6.1625000089406967e-02,
       -1.1687500029802322e-01, 0. ], [ 8.7125003337860107e-02,
       -1.1687500029802322e-01, 0. ], [ 6.1625000089406967e-02,
       -9.1375000774860382e-02, 0. ], [ 8.7125003337860107e-02,
       -9.1375000774860382e-02, 0. ] ] }
   - { id:8958, corners:[ [ -8.7125003337860107e-02,
       -8.7125003337860107e-02, 0. ], [ -6.1625000089406967e-02,
       -8.7125003337860107e-02, 0. ], [ -8.7125003337860107e-02,
       -6.1625000089406967e-02, 0. ], [ -6.1625000089406967e-02,
       -6.1625000089406967e-02, 0. ] ] }
   - { id:32398, corners:[ [ -2.7625000104308128e-02,
       -8.7125003337860107e-02, 0. ], [ -2.1249998826533556e-03,
       -8.7125003337860107e-02, 0. ], [ -2.7625000104308128e-02,
       -6.1625000089406967e-02, 0. ], [ -2.1249998826533556e-03,
       -6.1625000089406967e-02, 0. ] ] }
   - { id:37726, corners:[ [ 3.1874999403953552e-02,
       -8.7125003337860107e-02, 0. ], [ 5.7374998927116394e-02,
       -8.7125003337860107e-02, 0. ], [ 3.1874999403953552e-02,
       -6.1625000089406967e-02, 0. ], [ 5.7374998927116394e-02,
       -6.1625000089406967e-02, 0. ] ] }
   - { id:58504, corners:[ [ 9.1375000774860382e-02,
       -8.7125003337860107e-02, 0. ], [ 1.1687500029802322e-01,
       -8.7125003337860107e-02, 0. ], [ 9.1375000774860382e-02,
       -6.1625000089406967e-02, 0. ], [ 1.1687500029802322e-01,
       -6.1625000089406967e-02, 0. ] ] }
   - { id:59485, corners:[ [ -1.1687500029802322e-01,
       -5.7374998927116394e-02, 0. ], [ -9.1375000774860382e-02,
       -5.7374998927116394e-02, 0. ], [ -1.1687500029802322e-01,
       -3.1874999403953552e-02, 0. ], [ -9.1375000774860382e-02,
       -3.1874999403953552e-02, 0. ] ] }
   - { id:5924, corners:[ [ -5.7374998927116394e-02,
       -5.7374998927116394e-02, 0. ], [ -3.1874999403953552e-02,
       -5.7374998927116394e-02, 0. ], [ -5.7374998927116394e-02,
       -3.1874999403953552e-02, 0. ], [ -3.1874999403953552e-02,
       -3.1874999403953552e-02, 0. ] ] }
   - { id:11149, corners:[ [ 2.1249998826533556e-03,
       -5.7374998927116394e-02, 0. ], [ 2.7625000104308128e-02,
       -5.7374998927116394e-02, 0. ], [ 2.1249998826533556e-03,
       -3.1874999403953552e-02, 0. ], [ 2.7625000104308128e-02,
       -3.1874999403953552e-02, 0. ] ] }
   - { id:34926, corners:[ [ 6.1625000089406967e-02,
       -5.7374998927116394e-02, 0. ], [ 8.7125003337860107e-02,
       -5.7374998927116394e-02, 0. ], [ 6.1625000089406967e-02,
       -3.1874999403953552e-02, 0. ], [ 8.7125003337860107e-02,
       -3.1874999403953552e-02, 0. ] ] }
   - { id:19197, corners:[ [ -8.7125003337860107e-02,
       -2.7625000104308128e-02, 0. ], [ -6.1625000089406967e-02,
       -2.7625000104308128e-02, 0. ], [ -8.7125003337860107e-02,
       -2.1249998826533556e-03, 0. ], [ -6.1625000089406967e-02,
       -2.1249998826533556e-03, 0. ] ] }
   - { id:10062, corners:[ [ -2.7625000104308128e-02,
       -2.7625000104308128e-02, 0. ], [ -2.1249998826533556e-03,
       -2.7625000104308128e-02, 0. ], [ -2.7625000104308128e-02,
       -2.1249998826533556e-03, 0. ], [ -2.1249998826533556e-03,
       -2.1249998826533556e-03, 0. ] ] }
   - { id:32234, corners:[ [ 3.1874999403953552e-02,
       -2.7625000104308128e-02, 0. ], [ 5.7374998927116394e-02,
       -2.7625000104308128e-02, 0. ], [ 3.1874999403953552e-02,
       -2.1249998826533556e-03, 0. ], [ 5.7374998927116394e-02,
       -2.1249998826533556e-03, 0. ] ] }
   - { id:46303, corners:[ [ 9.1375000774860382e-02,
       -2.7625000104308128e-02, 0. ], [ 1.1687500029802322e-01,
       -2.7625000104308128e-02, 0. ], [ 9.1375000774860382e-02,
       -2.1249998826533556e-03, 0. ], [ 1.1687500029802322e-01,
       -2.1249998826533556e-03, 0. ] ] }
   - { id:27845, corners:[ [ -1.1687500029802322e-01,
       2.1249998826533556e-03, 0. ], [ -9.1375000774860382e-02,
       2.1249998826533556e-03, 0. ], [ -1.1687500029802322e-01,
       2.7625000104308128e-02, 0. ], [ -9.1375000774860382e-02,
       2.7625000104308128e-02, 0. ] ] }
   - { id:47534, corners:[ [ -5.7374998927116394e-02,
       2.1249998826533556e-03, 0. ], [ -3.1874999403953552e-02,
       2.1249998826533556e-03, 0. ], [ -5.7374998927116394e-02,
       2.7625000104308128e-02, 0. ], [ -3.1874999403953552e-02,
       2.7625000104308128e-02, 0. ] ] }
   - { id:8635, corners:[ [ 2.1249998826533556e-03,
       2.1249998826533556e-03, 0. ], [ 2.7625000104308128e-02,
       2.1249998826533556e-03, 0. ], [ 2.1249998826533556e-03,
       2.7625000104308128e-02, 0. ], [ 2.7625000104308128e-02,
       2.7625000104308128e-02, 0. ] ] }
   - { id:20897, corners:[ [ 6.1625000089406967e-02,
       2.1249998826533556e-03, 0. ], [ 8.7125003337860107e-02,
       2.1249998826533556e-03, 0. ], [ 6.1625000089406967e-02,
       2.7625000104308128e-02, 0. ], [ 8.7125003337860107e-02,
       2.7625000104308128e-02, 0. ] ] }
   - { id:5204, corners:[ [ -8.7125003337860107e-02,
       3.1874999403953552e-02, 0. ], [ -6.1625000089406967e-02,
       3.1874999403953552e-02, 0. ], [ -8.7125003337860107e-02,
       5.7374998927116394e-02, 0. ], [ -6.1625000089406967e-02,
       5.7374998927116394e-02, 0. ] ] }
   - { id:55618, corners:[ [ -2.7625000104308128e-02,
       3.1874999403953552e-02, 0. ], [ -2.1249998826533556e-03,
       3.1874999403953552e-02, 0. ], [ -2.7625000104308128e-02,
       5.7374998927116394e-02, 0. ], [ -2.1249998826533556e-03,
       5.7374998927116394e-02, 0. ] ] }
   - { id:65121, corners:[ [ 3.1874999403953552e-02,
       3.1874999403953552e-02, 0. ], [ 5.7374998927116394e-02,
       3.1874999403953552e-02, 0. ], [ 3.1874999403953552e-02,
       5.7374998927116394e-02, 0. ], [ 5.7374998927116394e-02,
       5.7374998927116394e-02, 0. ] ] }
   - { id:34113, corners:[ [ 9.1375000774860382e-02,
       3.1874999403953552e-02, 0. ], [ 1.1687500029802322e-01,
       3.1874999403953552e-02, 0. ], [ 9.1375000774860382e-02,
       5.7374998927116394e-02, 0. ], [ 1.1687500029802322e-01,
       5.7374998927116394e-02, 0. ] ] }
   - { id:52459, corners:[ [ -1.1687500029802322e-01,
       6.1625000089406967e-02, 0. ], [ -9.1375000774860382e-02,
       6.1625000089406967e-02, 0. ], [ -1.1687500029802322e-01,
       8.7125003337860107e-02, 0. ], [ -9.1375000774860382e-02,
       8.7125003337860107e-02, 0. ] ] }
   - { id:57527, corners:[ [ -5.7374998927116394e-02,
       6.1625000089406967e-02, 0. ], [ -3.1874999403953552e-02,
       6.1625000089406967e-02, 0. ], [ -5.7374998927116394e-02,
       8.7125003337860107e-02, 0. ], [ -3.1874999403953552e-02,
       8.7125003337860107e-02, 0. ] ] }
   - { id:44185, corners:[ [ 2.1249998826533556e-03,
       6.1625000089406967e-02, 0. ], [ 2.7625000104308128e-02,
       6.1625000089406967e-02, 0. ], [ 2.1249998826533556e-03,
       8.7125003337860107e-02, 0. ], [ 2.7625000104308128e-02,
       8.7125003337860107e-02, 0. ] ] }
   - { id:17542, corners:[ [ 6.1625000089406967e-02,
       6.1625000089406967e-02, 0. ], [ 8.7125003337860107e-02,
       6.1625000089406967e-02, 0. ], [ 6.1625000089406967e-02,
