%YAML:1.0
aruco_bc_nmarkers: 25
aruco_bc_mInfoType: 1
aruco_bc_markers:
   - { id:23078, corners:[ [ -9.2799998819828033e-02,
       9.2799998819828033e-02, 0. ], [ -6.0800001025199890e-02,
       9.2799998819828033e-02, 0. ], [ -6.0800001025199890e-02,
       6.0800001025199890e-02, 0. ], [ -9.2799998819828033e-02,
       6.0800001025199890e-02, 0. ] ] }
   - { id:37050, corners:[ [ -5.4400000721216202e-02,
       9.2799998819828033e-02, 0. ], [ -2.2400001063942909e-02,
       9.2799998819828033e-02, 0. ], [ -2.2400001063942909e-02,
       6.0800001025199890e-02, 0. ], [ -5.4400000721216202e-02,
       6.0800001025199890e-02, 0. ] ] }
   - { id:52088, corners:[ [ -1.6000000759959221e-02,
       9.2799998819828033e-02, 0. ], [ 1.6000000759959221e-02,
       9.2799998819828033e-02, 0. ], [ 1.6000000759959221e-02,
       6.0800001025199890e-02, 0. ], [ -1.6000000759959221e-02,
       6.0800001025199890e-02, 0. ] ] }
   - { id:25429, corners:[ [ 2.2400001063942909e-02,
       9.2799998819828033e-02, 0. ], [ 5.4400000721216202e-02,
       9.2799998819828033e-02, 0. ], [ 5.4400000721216202e-02,
       6.0800001025199890e-02, 0. ], [ 2.2400001063942909e-02,
       6.0800001025199890e-02, 0. ] ] }
   - { id:52459, corners:[ [ 6.0800001025199890e-02,
       9.2799998819828033e-02, 0. ], [ 9.2799998819828033e-02,
       9.2799998819828033e-02, 0. ], [ 9.2799998819828033e-02,
       6.0800001025199890e-02, 0. ], [ 6.0800001025199890e-02,
       6.0800001025199890e-02, 0. ] ] }
   - { id:57527, corners:[ [ -9.2799998819828033e-02,
       5.4400000721216202e-02, 0. ], [ -6.0800001025199890e-02,
       5.4400000721216202e-02, 0. ], [ -6.0800001025199890e-02,
       2.2400001063942909e-02, 0. ], [ -9.2799998819828033e-02,
       2.2400001063942909e-02, 0. ] ] }
   - { id:44185, corners:[ [ -5.4400000721216202e-02,
       5.4400000721216202e-02, 0. ], [ -2.2400001063942909e-02,
       5.4400000721216202e-02, 0. ], [ -2.2400001063942909e-02,
       2.2400001063942909e-02, 0. ], [ -5.4400000721216202e-02,
       2.2400001063942909e-02, 0. ] ] }
   - { id:17542, corners:[ [ -1.6000000759959221e-02,
       5.4400000721216202e-02, 0. ], [ 1.6000000759959221e-02,
       5.4400000721216202e-02, 0. ], [ 1.6000000759959221e-02,
       2.2400001063942909e-02, 0. ], [ -1.6000000759959221e-02,
       2.2400001063942909e-02, 0. ] ] }
   - { id:5204, corners:[ [ 2.2400001063942909e-02,
       5.4400000721216202e-02, 0. ], [ 5.4400000721216202e-02,
       5.4400000721216202e-02, 0. ], [ 5.4400000721216202e-02,
       2.2400001063942909e-02, 0. ], [ 2.2400001063942909e-02,
       2.2400001063942909e-02, 0. ] ] }
   - { id:55618, corners:[ [ 6.0800001025199890e-02,
       5.4400000721216202e-02, 0. ], [ 9.2799998819828033e-02,
       5.4400000721216202e-02, 0. ], [ 9.2799998819828033e-02,
       2.2400001063942909e-02, 0. ], [ 6.0800001025199890e-02,
       2.2400001063942909e-02, 0. ] ] }
   - { id:65121, corners:[ [ -9.2799998819828033e-02,
       1.6000000759959221e-02, 0. ], [ -6.0800001025199890e-02,
       1.6000000759959221e-02, 0. ], [ -6.0800001025199890e-02,
       -1.6000000759959221e-02, 0. ], [ -9.2799998819828033e-02,
       -1.6000000759959221e-02, 0. ] ] }
   - { id:34113, corners:[ [ -5.4400000721216202e-02,
       1.6000000759959221e-02, 0. ], [ -2.2400001063942909e-02,
       1.6000000759959221e-02, 0. ], [ -2.2400001063942909e-02,
       -1.6000000759959221e-02, 0. ], [ -5.4400000721216202e-02,
       -1.6000000759959221e-02, 0. ] ] }
   - { id:27845, corners:[ [ -1.6000000759959221e-02,
       1.6000000759959221e-02, 0. ], [ 1.6000000759959221e-02,
       1.6000000759959221e-02, 0. ], [ 1.6000000759959221e-02,
       -1.6000000759959221e-02, 0. ], [ -1.6000000759959221e-02,
       -1.6000000759959221e-02, 0. ] ] }
   - { id:47534, corners:[ [ 2.2400001063942909e-02,
       1.6000000759959221e-02, 0. ], [ 5.4400000721216202e-02,
       1.6000000759959221e-02, 0. ], [ 5.4400000721216202e-02,
       -1.6000000759959221e-02, 0. ], [ 2.2400001063942909e-02,
       -1.6000000759959221e-02, 0. ] ] }
   - { id:8635, corners:[ [ 6.0800001025199890e-02,
       1.6000000759959221e-02, 0. ], [ 9.2799998819828033e-02,
       1.6000000759959221e-02, 0. ], [ 9.2799998819828033e-02,
       -1.6000000759959221e-02, 0. ], [ 6.0800001025199890e-02,
       -1.6000000759959221e-02, 0. ] ] }
   - { id:20897, corners:[ [ -9.2799998819828033e-02,
       -2.2400001063942909e-02, 0. ], [ -6.0800001025199890e-02,
       -2.2400001063942909e-02, 0. ], [ -6.0800001025199890e-02,
       -5.4400000721216202e-02, 0. ], [ -9.2799998819828033e-02,
       -5.4400000721216202e-02, 0. ] ] }
   - { id:19197, corners:[ [ -5.4400000721216202e-02,
       -2.2400001063942909e-02, 0. ], [ -2.2400001063942909e-02,
       -2.2400001063942909e-02, 0. ], [ -2.2400001063942909e-02,
       -5.4400000721216202e-02, 0. ], [ -5.4400000721216202e-02,
       -5.4400000721216202e-02, 0. ] ] }
   - { id:10062, corners:[ [ -1.6000000759959221e-02,
       -2.2400001063942909e-02, 0. ], [ 1.6000000759959221e-02,
       -2.2400001063942909e-02, 0. ], [ 1.6000000759959221e-02,
       -5.4400000721216202e-02, 0. ], [ -1.6000000759959221e-02,
       -5.4400000721216202e-02, 0. ] ] }
   - { id:32234, corners:[ [ 2.2400001063942909e-02,
       -2.2400001063942909e-02, 0. ], [ 5.4400000721216202e-02,
       -2.2400001063942909e-02, 0. ], [ 5.4400000721216202e-02,
       -5.4400000721216202e-02, 0. ], [ 2.2400001063942909e-02,
       -5.4400000721216202e-02, 0. ] ] }
   - { id:46303, corners:[ [ 6.0800001025199890e-02,
       -2.2400001063942909e-02, 0. ], [ 9.2799998819828033e-02,
       -2.2400001063942909e-02, 0. ], [ 9.2799998819828033e-02,
       -5.4400000721216202e-02, 0. ], [ 6.0800001025199890e-02,
       -5.4400000721216202e-02, 0. ] ] }
   - { id:59485, corners:[ [ -9.2799998819828033e-02,
       -6.0800001025199890e-02, 0. ], [ -6.0800001025199890e-02,
       -6.0800001025199890e-02, 0. ], [ -6.0800001025199890e-02,
       -9.2799998819828033e-02, 0. ], [ -9.2799998819828033e-02,
       -9.2799998819828033e-02, 0. ] ] }
   - { id:5924, corners:[ [ -5.4400000721216202e-02,
       -6.0800001025199890e-02, 0. ], [ -2.2400001063942909e-02,
       -6.0800001025199890e-02, 0. ], [ -2.2400001063942909e-02,
       -9.2799998819828033e-02, 0. ], [ -5.4400000721216202e-02,
       -9.2799998819828033e-02, 0. ] ] }
   - { id:11149, corners:[ [ -1.6000000759959221e-02,
       -6.0800001025199890e-02, 0. ], [ 1.6000000759959221e-02,
       -6.0800001025199890e-02, 0. ], [ 1.6000000759959221e-02,
       -9.2799998819828033e-02, 0. ], [ -1.6000000759959221e-02,
       -9.2799998819828033e-02, 0. ] ] }
   - { id:34926, corners:[ [ 2.2400001063942909e-02,
       -6.0800001025199890e-02, 0. ], [ 5.4400000721216202e-02,
       -6.0800001025199890e-02, 0. ], [ 5.4400000721216202e-02,
       -9.2799998819828033e-02, 0. ], [ 2.2400001063942909e-02,
       -9.2799998819828033e-02, 0. ] ] }
   - { id:8958, corners:[ [ 6.0800001025199890e-02,
       -6.0800001025199890e-02, 0. ], [ 9.2799998819828033e-02,
       -6.0800001025199890e-02, 0. ], [ 9.2799998819828033e-02,
       -9.2799998819828033e-02, 0. ], [ 6.0800001025199890e-02,
       -9.2799998819828033e-02, 0. ] ] }
