%YAML:1.0
aruco_bc_nmarkers: 25
aruco_bc_mInfoType: 0
aruco_bc_markers:
   - { id:23078, corners:[ [ -348., 348., 0. ], [ -228., 348., 0. ], [
       -228., 228., 0. ], [ -348., 228., 0. ] ] }
   - { id:37050, corners:[ [ -204., 348., 0. ], [ -84., 348., 0. ], [
       -84., 228., 0. ], [ -204., 228., 0. ] ] }
   - { id:52088, corners:[ [ -60., 348., 0. ], [ 60., 348., 0. ], [ 60.,
       228., 0. ], [ -60., 228., 0. ] ] }
   - { id:25429, corners:[ [ 84., 348., 0. ], [ 204., 348., 0. ], [ 204.,
       228., 0. ], [ 84., 228., 0. ] ] }
   - { id:52459, corners:[ [ 228., 348., 0. ], [ 348., 348., 0. ], [
       348., 228., 0. ], [ 228., 228., 0. ] ] }
   - { id:57527, corners:[ [ -348., 204., 0. ], [ -228., 204., 0. ], [
       -228., 84., 0. ], [ -348., 84., 0. ] ] }
   - { id:44185, corners:[ [ -204., 204., 0. ], [ -84., 204., 0. ], [
       -84., 84., 0. ], [ -204., 84., 0. ] ] }
   - { id:17542, corners:[ [ -60., 204., 0. ], [ 60., 204., 0. ], [ 60.,
       84., 0. ], [ -60., 84., 0. ] ] }
   - { id:5204, corners:[ [ 84., 204., 0. ], [ 204., 204., 0. ], [ 204.,
       84., 0. ], [ 84., 84., 0. ] ] }
   - { id:55618, corners:[ [ 228., 204., 0. ], [ 348., 204., 0. ], [
       348., 84., 0. ], [ 228., 84., 0. ] ] }
   - { id:65121, corners:[ [ -348., 60., 0. ], [ -228., 60., 0. ], [
       -228., -60., 0. ], [ -348., -60., 0. ] ] }
   - { id:34113, corners:[ [ -204., 60., 0. ], [ -84., 60., 0. ], [ -84.,
       -60., 0. ], [ -204., -60., 0. ] ] }
   - { id:27845, corners:[ [ -60., 60., 0. ], [ 60., 60., 0. ], [ 60.,
       -60., 0. ], [ -60., -60., 0. ] ] }
   - { id:47534, corners:[ [ 84., 60., 0. ], [ 204., 60., 0. ], [ 204.,
       -60., 0. ], [ 84., -60., 0. ] ] }
   - { id:8635, corners:[ [ 228., 60., 0. ], [ 348., 60., 0. ], [ 348.,
       -60., 0. ], [ 228., -60., 0. ] ] }
   - { id:20897, corners:[ [ -348., -84., 0. ], [ -228., -84., 0. ], [
       -228., -204., 0. ], [ -348., -204., 0. ] ] }
   - { id:19197, corners:[ [ -204., -84., 0. ], [ -84., -84., 0. ], [
       -84., -204., 0. ], [ -204., -204., 0. ] ] }
   - { id:10062, corners:[ [ -60., -84., 0. ], [ 60., -84., 0. ], [ 60.,
       -204., 0. ], [ -60., -204., 0. ] ] }
   - { id:32234, corners:[ [ 84., -84., 0. ], [ 204., -84., 0. ], [ 204.,
       -204., 0. ], [ 84., -204., 0. ] ] }
   - { id:46303, corners:[ [ 228., -84., 0. ], [ 348., -84., 0. ], [
       348., -204., 0. ], [ 228., -204., 0. ] ] }
   - { id:59485, corners:[ [ -348., -228., 0. ], [ -228., -228., 0. ], [
       -228., -348., 0. ], [ -348., -348., 0. ] ] }
   - { id:5924, corners:[ [ -204., -228., 0. ], [ -84., -228., 0. ], [
       -84., -348., 0. ], [ -204., -348., 0. ] ] }
   - { id:11149, corners:[ [ -60., -228., 0. ], [ 60., -228., 0. ], [
       60., -348., 0. ], [ -60., -348., 0. ] ] }
   - { id:34926, corners:[ [ 84., -228., 0. ], [ 204., -228., 0. ], [
       204., -348., 0. ], [ 84., -348., 0. ] ] }
   - { id:8958, corners:[ [ 228., -228., 0. ], [ 348., -228., 0. ], [
       348., -348., 0. ], [ 228., -348., 0. ] ] }
